2500
0 1 12 319 139 
0 1 10 346 148 
0 1 16 404 184 
1 0 7 346 167 
0 1 17 380 129 
0 1 10 382 140 
0 1 11 367 186 
0 1 10 231 115 
0 1 4 262 125 
1 0 11 390 189 
0 1 9 350 162 
1 0 12 332 156 
0 1 17 406 165 
0 1 13 346 137 
1 0 12 402 133 
1 0 11 255 135 
0 1 7 323 184 
0 1 10 293 132 
0 1 11 293 122 
1 0 11 307 141 
0 1 6 272 149 
0 1 10 322 124 
0 1 13 260 96 
0 1 6 249 121 
0 1 13 430 145 
0 1 9 329 135 
1 0 10 379 149 
0 1 9 335 131 
0 1 10 273 128 
0 1 6 390 171 
0 1 14 339 141 
1 0 11 372 187 
0 1 11 378 148 
1 0 2 195 82 
0 1 19 428 176 
0 1 11 257 124 
0 1 13 268 96 
0 1 14 317 161 
0 1 7 304 153 
0 1 13 335 153 
0 1 10 438 193 
0 1 15 392 191 
0 1 16 321 131 
0 1 8 262 116 
0 1 15 312 144 
0 1 12 305 134 
0 1 11 281 112 
0 1 11 302 112 
0 1 5 393 186 
0 1 8 231 110 
0 1 14 505 201 
0 1 17 329 137 
0 1 8 348 113 
0 1 12 311 169 
0 1 13 333 148 
0 1 15 366 155 
1 0 12 328 127 
1 0 13 304 133 
0 1 11 315 150 
0 1 15 434 168 
0 1 8 374 153 
0 1 12 387 142 
0 1 13 313 129 
0 1 6 254 122 
0 1 7 379 187 
0 1 19 394 139 
0 1 11 325 159 
0 1 8 415 222 
0 1 11 311 142 
1 0 11 325 131 
0 1 13 328 144 
0 1 14 345 139 
1 0 10 331 164 
0 1 14 364 147 
0 1 8 278 106 
0 1 8 379 171 
0 1 8 348 171 
0 1 13 387 166 
0 1 13 416 170 
0 1 11 458 206 
0 1 14 357 143 
1 0 7 411 191 
0 1 9 263 163 
0 1 9 347 163 
0 1 11 448 178 
0 1 8 209 138 
0 1 6 382 198 
0 1 7 337 176 
0 1 11 312 139 
0 1 9 262 117 
1 0 10 320 168 
0 1 11 338 118 
0 1 8 395 156 
1 0 7 318 128 
0 1 8 278 157 
0 1 15 267 121 
0 1 7 301 163 
0 1 14 378 170 
0 1 10 281 144 
0 1 11 327 147 
0 1 11 339 177 
0 1 18 409 166 
1 0 7 361 160 
0 1 12 373 176 
0 1 11 280 143 
1 0 5 279 122 
0 1 14 436 177 
0 1 8 309 128 
0 1 16 270 116 
0 1 15 335 142 
0 1 10 258 103 
0 1 17 315 148 
0 1 12 342 157 
0 1 10 376 159 
0 1 16 345 173 
0 1 16 387 162 
1 0 9 356 117 
0 1 13 376 181 
0 1 8 280 148 
1 0 10 393 162 
0 1 10 351 149 
0 1 9 460 205 
0 1 6 249 138 
1 0 8 273 130 
0 1 18 385 133 
0 1 13 277 145 
1 0 11 361 187 
0 1 11 429 173 
1 0 13 398 179 
0 1 8 272 148 
0 1 9 339 173 
0 1 7 351 160 
0 1 9 308 140 
0 1 12 444 177 
0 1 10 288 131 
0 1 9 370 160 
0 1 9 220 101 
0 1 11 318 132 
1 0 11 407 162 
0 1 12 393 183 
0 1 16 476 192 
1 0 13 383 160 
1 0 5 334 185 
0 1 16 409 170 
0 1 12 363 157 
0 1 5 365 158 
0 1 11 248 122 
0 1 10 196 92 
0 1 14 360 104 
0 1 12 328 152 
0 1 6 290 119 
0 1 15 373 169 
0 1 18 382 174 
0 1 16 329 135 
0 1 13 283 128 
0 1 7 334 166 
0 1 15 346 163 
0 1 11 321 140 
0 1 11 325 129 
0 1 8 300 115 
0 1 13 322 169 
0 1 6 214 138 
1 0 4 163 79 
0 1 8 217 109 
0 1 11 302 140 
0 1 13 275 126 
0 1 10 260 118 
1 0 11 471 192 
0 1 9 342 139 
0 1 8 276 118 
0 1 12 318 132 
0 1 12 386 168 
0 1 10 420 163 
0 1 18 261 121 
0 1 10 578 204 
0 1 7 264 124 
0 1 13 337 153 
0 1 14 348 181 
0 1 6 460 217 
1 0 14 343 156 
0 1 7 357 174 
0 1 12 341 145 
0 1 15 280 85 
0 1 19 347 129 
0 1 15 258 103 
0 1 11 394 181 
0 1 9 350 161 
0 1 7 288 151 
0 1 13 478 203 
0 1 10 285 120 
0 1 15 411 166 
0 1 10 385 142 
0 1 17 431 165 
1 0 8 257 105 
0 1 17 312 128 
0 1 11 341 148 
0 1 17 405 148 
0 1 8 353 136 
0 1 12 284 122 
0 1 13 389 176 
1 0 6 324 167 
0 1 8 239 100 
0 1 21 370 152 
0 1 10 327 141 
0 1 16 406 140 
1 0 6 401 189 
0 1 6 361 157 
0 1 12 341 152 
0 1 13 285 146 
0 1 19 393 144 
1 0 14 336 155 
0 1 11 234 109 
0 1 9 305 109 
0 1 7 297 156 
0 1 7 388 133 
1 0 13 287 113 
1 0 7 330 176 
0 1 11 379 166 
0 1 14 299 113 
0 1 9 293 142 
0 1 7 306 159 
0 1 15 252 102 
0 1 8 404 175 
0 1 18 475 179 
0 1 6 322 141 
0 1 9 293 120 
0 1 15 413 168 
0 1 12 354 202 
0 1 12 392 193 
0 1 11 367 152 
0 1 12 286 129 
0 1 16 290 106 
0 1 3 325 154 
0 1 15 311 103 
0 1 12 385 177 
0 1 10 324 137 
0 1 14 404 171 
1 0 11 397 162 
0 1 16 317 157 
0 1 17 359 146 
1 0 6 280 114 
0 1 15 425 158 
0 1 12 230 119 
0 1 10 215 110 
0 1 12 314 128 
0 1 10 406 196 
0 1 12 384 176 
0 1 11 334 167 
1 0 10 302 151 
0 1 9 223 123 
0 1 12 391 133 
1 0 11 361 168 
0 1 10 426 177 
0 1 9 310 151 
1 0 8 341 151 
0 1 10 252 127 
0 1 12 305 146 
0 1 17 296 142 
0 1 14 435 165 
0 1 11 386 189 
0 1 23 450 159 
0 1 10 312 140 
0 1 10 235 102 
0 1 12 417 170 
0 1 11 293 125 
1 0 8 378 165 
0 1 12 258 128 
0 1 16 361 145 
0 1 8 269 112 
0 1 13 290 146 
0 1 10 318 171 
0 1 11 314 141 
0 1 12 268 120 
0 1 13 274 109 
0 1 8 303 135 
0 1 20 228 100 
0 1 7 238 102 
0 1 9 307 163 
0 1 15 493 197 
0 1 16 402 161 
0 1 12 293 127 
0 1 4 287 186 
0 1 6 377 193 
0 1 8 245 126 
0 1 12 500 159 
1 0 7 247 142 
0 1 8 358 178 
0 1 12 395 189 
0 1 14 346 150 
1 0 10 357 171 
1 0 8 293 156 
0 1 16 382 177 
0 1 14 260 134 
0 1 13 413 212 
0 1 8 290 109 
0 1 7 226 114 
0 1 13 423 163 
0 1 10 317 142 
0 1 19 363 122 
1 0 21 435 183 
0 1 7 233 122 
0 1 10 263 139 
0 1 8 320 129 
1 0 6 297 151 
0 1 13 300 124 
0 1 21 366 146 
0 1 3 334 173 
0 1 14 232 108 
0 1 7 447 187 
0 1 12 363 160 
0 1 11 372 159 
0 1 19 475 189 
0 1 14 429 168 
0 1 10 452 215 
0 1 11 293 128 
0 1 7 329 176 
0 1 9 231 81 
0 1 9 301 120 
1 0 14 346 155 
0 1 4 360 156 
0 1 17 320 117 
0 1 11 328 154 
0 1 9 314 152 
0 1 11 352 145 
0 1 7 165 101 
0 1 10 242 126 
0 1 16 318 126 
0 1 5 272 121 
0 1 13 370 168 
0 1 12 348 143 
0 1 13 397 183 
0 1 11 398 166 
0 1 16 363 170 
0 1 6 263 154 
0 1 11 277 116 
0 1 9 252 129 
0 1 9 335 187 
0 1 17 337 127 
1 0 13 271 136 
0 1 9 211 111 
0 1 16 358 137 
0 1 15 363 148 
0 1 14 341 109 
0 1 10 313 126 
0 1 14 303 161 
1 0 7 353 141 
0 1 15 366 158 
0 1 11 303 143 
0 1 10 342 124 
0 1 5 269 138 
0 1 9 313 143 
0 1 13 377 159 
0 1 15 376 141 
0 1 8 247 106 
0 1 10 448 170 
0 1 11 331 163 
1 0 15 235 108 
1 0 7 197 115 
0 1 11 422 160 
1 0 8 268 117 
0 1 4 330 142 
0 1 12 213 116 
0 1 15 351 137 
0 1 10 288 131 
0 1 5 330 176 
0 1 9 304 167 
0 1 7 275 141 
1 0 12 315 137 
0 1 13 368 156 
0 1 8 234 92 
0 1 9 254 119 
0 1 8 297 113 
0 1 13 253 124 
0 1 17 412 167 
0 1 18 394 143 
0 1 9 353 154 
0 1 13 350 143 
0 1 11 346 136 
0 1 7 331 151 
0 1 12 312 145 
1 0 11 365 193 
1 0 9 422 187 
0 1 13 449 184 
0 1 12 278 122 
0 1 14 430 194 
0 1 12 363 180 
0 1 9 270 147 
0 1 10 237 106 
0 1 14 317 167 
0 1 9 308 136 
0 1 15 355 133 
0 1 10 339 176 
1 0 15 512 237 
0 1 14 464 174 
0 1 20 349 142 
0 1 17 520 189 
0 1 13 304 131 
0 1 8 402 161 
0 1 13 256 123 
1 0 9 368 151 
0 1 9 362 167 
0 1 7 209 120 
0 1 9 296 130 
0 1 14 331 111 
0 1 11 343 164 
0 1 9 384 175 
0 1 12 221 103 
0 1 7 327 136 
0 1 10 308 140 
0 1 12 215 111 
0 1 14 409 169 
0 1 16 354 103 
0 1 6 390 197 
1 0 12 595 286 
0 1 5 253 138 
0 1 19 278 111 
0 1 13 352 130 
0 1 19 428 142 
1 0 12 269 105 
0 1 9 240 131 
0 1 11 357 148 
0 1 9 306 116 
1 0 11 266 95 
0 1 20 443 182 
0 1 15 294 110 
0 1 6 438 204 
0 1 11 458 209 
0 1 12 198 77 
0 1 6 382 211 
0 1 12 288 132 
0 1 10 346 122 
1 0 7 389 179 
0 1 12 351 134 
0 1 10 277 135 
0 1 10 317 132 
0 1 16 376 159 
0 1 9 314 147 
0 1 11 318 153 
0 1 19 405 140 
0 1 10 352 178 
1 0 14 496 193 
0 1 9 313 109 
0 1 16 425 196 
0 1 10 331 129 
0 1 14 294 150 
0 1 15 377 174 
1 0 12 382 175 
0 1 11 447 185 
0 1 11 239 90 
0 1 16 353 161 
0 1 19 343 191 
0 1 10 403 164 
0 1 9 398 204 
0 1 11 438 168 
0 1 14 350 106 
0 1 8 329 153 
0 1 12 373 149 
0 1 14 234 123 
1 0 6 362 179 
0 1 4 365 186 
0 1 17 399 155 
0 1 15 264 130 
1 0 9 349 139 
0 1 9 373 174 
0 1 17 346 150 
0 1 9 358 144 
1 0 12 317 146 
0 1 14 363 124 
0 1 10 340 154 
0 1 14 300 142 
1 0 6 288 123 
0 1 12 327 136 
0 1 10 330 162 
0 1 3 346 179 
0 1 14 430 168 
0 1 14 395 149 
1 0 11 336 153 
0 1 14 436 167 
0 1 9 277 116 
0 1 13 314 127 
0 1 12 358 145 
0 1 10 433 180 
1 0 18 389 159 
0 1 10 255 100 
1 0 10 289 135 
0 1 12 247 119 
0 1 12 203 95 
0 1 11 396 182 
0 1 16 419 146 
0 1 9 357 163 
0 1 16 257 120 
0 1 9 310 157 
0 1 9 365 121 
0 1 15 235 105 
0 1 7 414 202 
0 1 17 397 196 
0 1 12 246 100 
0 1 7 344 151 
0 1 6 248 136 
0 1 8 400 164 
0 1 15 266 105 
0 1 12 294 116 
0 1 14 242 135 
0 1 10 287 129 
1 0 16 508 208 
0 1 12 316 122 
0 1 14 449 208 
0 1 13 279 141 
0 1 7 282 131 
0 1 5 341 161 
1 0 6 350 156 
0 1 19 362 163 
0 1 14 449 197 
0 1 16 432 187 
1 0 10 297 157 
0 1 10 349 189 
0 1 14 349 163 
0 1 12 436 171 
0 1 8 408 150 
0 1 11 418 167 
0 1 10 314 164 
0 1 8 430 213 
0 1 9 348 192 
1 0 16 419 158 
0 1 13 346 153 
0 1 7 266 133 
0 1 23 370 118 
0 1 6 367 137 
1 0 8 419 208 
0 1 9 287 105 
1 0 9 254 112 
1 0 13 365 151 
0 1 12 354 156 
0 1 10 316 145 
1 0 9 380 182 
0 1 11 330 172 
0 1 10 260 130 
1 0 12 459 201 
0 1 3 204 128 
0 1 8 348 123 
0 1 7 266 135 
0 1 10 368 164 
0 1 9 296 131 
0 1 10 281 129 
0 1 8 247 122 
0 1 14 323 134 
0 1 12 364 161 
1 0 8 389 202 
0 1 15 428 168 
0 1 16 483 217 
0 1 11 485 169 
0 1 9 250 120 
0 1 11 320 145 
1 0 9 250 124 
0 1 13 398 199 
0 1 11 342 163 
0 1 7 275 112 
0 1 13 398 141 
0 1 16 482 202 
0 1 11 301 148 
0 1 7 301 177 
1 0 10 433 170 
0 1 24 456 165 
0 1 8 231 97 
0 1 16 364 119 
0 1 10 196 102 
0 1 13 279 122 
0 1 8 274 177 
0 1 11 438 168 
1 0 7 345 160 
0 1 7 283 109 
1 0 10 288 132 
0 1 14 267 139 
1 0 12 412 157 
0 1 7 331 139 
0 1 10 269 144 
1 0 12 380 175 
1 0 9 334 150 
1 0 8 335 172 
0 1 11 302 142 
0 1 12 350 156 
0 1 4 337 156 
0 1 14 464 178 
0 1 14 406 187 
1 0 7 317 138 
1 0 8 271 103 
0 1 11 273 119 
1 0 6 352 168 
1 0 11 371 176 
0 1 9 286 127 
0 1 6 235 88 
0 1 11 335 173 
0 1 18 327 155 
0 1 7 329 179 
0 1 8 312 131 
0 1 10 346 141 
0 1 12 355 122 
0 1 11 327 149 
0 1 11 368 175 
0 1 19 310 145 
0 1 11 380 152 
0 1 9 327 163 
0 1 16 424 147 
0 1 11 331 144 
0 1 13 399 203 
0 1 12 360 164 
0 1 5 345 197 
0 1 5 311 128 
0 1 16 524 204 
0 1 9 346 176 
0 1 12 317 148 
0 1 16 361 147 
0 1 7 279 142 
0 1 8 256 124 
0 1 10 384 151 
0 1 11 402 164 
0 1 14 401 180 
1 0 12 464 178 
0 1 17 369 126 
1 0 8 350 174 
0 1 17 345 130 
1 0 10 349 150 
0 1 11 316 184 
0 1 16 342 123 
0 1 7 235 120 
0 1 11 419 169 
0 1 5 366 174 
0 1 10 347 162 
0 1 16 475 184 
0 1 15 326 152 
0 1 5 391 167 
0 1 12 390 187 
1 0 15 313 123 
0 1 17 429 153 
0 1 8 306 172 
0 1 18 353 160 
0 1 3 205 110 
0 1 11 366 152 
0 1 5 351 154 
0 1 7 343 148 
0 1 12 238 109 
1 0 8 367 168 
1 0 19 382 143 
0 1 6 284 155 
0 1 19 422 138 
0 1 9 247 102 
0 1 14 377 159 
0 1 8 424 203 
0 1 14 401 152 
1 0 8 187 84 
0 1 8 354 146 
0 1 22 324 141 
0 1 13 296 122 
0 1 10 277 101 
0 1 8 409 173 
0 1 17 297 137 
0 1 9 317 133 
0 1 12 346 125 
0 1 9 361 134 
0 1 9 355 183 
0 1 19 422 136 
0 1 21 311 103 
0 1 6 224 163 
0 1 13 279 149 
0 1 7 167 81 
0 1 14 385 164 
0 1 14 325 158 
0 1 4 163 90 
0 1 13 314 149 
0 1 12 290 87 
0 1 15 312 131 
0 1 11 318 126 
1 0 6 159 79 
0 1 12 328 144 
0 1 17 366 128 
0 1 13 440 176 
0 1 16 304 127 
0 1 13 342 136 
0 1 14 398 164 
0 1 6 265 129 
1 0 7 346 135 
0 1 16 448 162 
1 0 5 266 128 
0 1 7 311 143 
0 1 8 208 99 
0 1 9 274 142 
0 1 17 386 141 
0 1 14 346 174 
0 1 15 283 137 
0 1 15 429 181 
1 0 8 258 126 
1 0 11 404 161 
0 1 9 342 137 
1 0 12 306 163 
0 1 9 395 190 
1 0 5 319 158 
1 0 2 232 121 
0 1 10 241 129 
1 0 7 240 106 
1 0 7 342 166 
1 0 9 318 117 
0 1 4 329 149 
0 1 14 351 145 
0 1 6 244 132 
0 1 8 324 149 
0 1 12 376 137 
0 1 14 401 198 
0 1 9 272 124 
0 1 15 323 149 
0 1 11 324 135 
0 1 11 378 163 
0 1 14 377 149 
1 0 4 268 121 
1 0 13 458 178 
0 1 11 344 176 
0 1 22 472 161 
0 1 7 260 138 
1 0 6 462 185 
1 0 8 322 136 
0 1 10 309 114 
0 1 14 554 184 
0 1 5 351 192 
1 0 4 319 148 
0 1 13 382 194 
0 1 18 413 128 
1 0 15 313 105 
0 1 9 356 141 
0 1 14 339 151 
0 1 12 317 128 
0 1 12 446 222 
0 1 3 313 160 
0 1 11 343 157 
0 1 14 407 148 
0 1 5 379 200 
0 1 14 368 137 
0 1 12 370 190 
1 0 7 397 158 
0 1 14 228 116 
0 1 8 355 142 
0 1 10 278 134 
0 1 10 326 129 
1 0 9 225 138 
0 1 10 307 148 
0 1 9 377 155 
0 1 14 472 180 
0 1 12 377 123 
0 1 14 308 128 
0 1 20 314 106 
1 0 8 365 162 
0 1 11 379 176 
0 1 11 245 112 
0 1 15 465 172 
0 1 7 323 130 
0 1 19 419 183 
0 1 8 431 214 
0 1 13 410 177 
0 1 6 274 150 
0 1 10 330 148 
0 1 10 370 184 
0 1 10 242 105 
0 1 9 249 120 
0 1 14 304 122 
0 1 10 364 134 
0 1 10 283 124 
0 1 8 267 151 
0 1 4 369 179 
0 1 11 397 178 
0 1 15 390 148 
0 1 9 439 182 
1 0 12 258 99 
1 0 13 315 142 
0 1 9 370 154 
0 1 8 282 136 
0 1 11 393 169 
0 1 10 428 201 
0 1 19 433 155 
0 1 14 335 189 
1 0 9 335 187 
0 1 9 258 114 
0 1 12 287 145 
0 1 8 279 128 
0 1 8 271 133 
0 1 17 534 161 
1 0 15 256 97 
1 0 15 348 113 
0 1 5 283 172 
0 1 11 225 126 
1 0 7 410 165 
0 1 18 399 145 
0 1 8 373 192 
1 0 11 334 128 
0 1 11 325 142 
0 1 9 347 169 
1 0 10 328 146 
0 1 10 382 166 
0 1 13 290 101 
0 1 11 393 173 
0 1 10 346 137 
0 1 10 300 136 
0 1 8 324 174 
0 1 13 373 168 
0 1 19 407 161 
0 1 13 367 175 
1 0 10 307 151 
0 1 12 382 168 
1 0 15 400 183 
0 1 20 318 124 
0 1 8 324 190 
0 1 15 315 135 
0 1 11 444 201 
1 0 13 430 166 
0 1 13 355 144 
0 1 10 326 162 
1 0 8 295 123 
0 1 6 265 138 
0 1 13 345 161 
0 1 10 320 149 
0 1 15 477 190 
0 1 6 294 165 
0 1 7 273 156 
1 0 6 357 146 
0 1 12 239 109 
0 1 11 202 102 
0 1 10 374 156 
0 1 10 336 165 
0 1 7 341 132 
1 0 10 327 142 
0 1 15 419 161 
0 1 17 298 120 
0 1 11 263 126 
1 0 2 266 130 
0 1 16 282 139 
0 1 12 295 156 
0 1 7 298 151 
0 1 17 399 141 
1 0 8 326 143 
0 1 14 327 117 
0 1 11 351 160 
0 1 9 339 175 
0 1 12 392 163 
0 1 8 528 243 
0 1 10 221 99 
0 1 11 312 124 
0 1 7 326 152 
0 1 11 180 87 
0 1 12 322 147 
0 1 11 318 148 
0 1 12 342 132 
0 1 8 227 101 
0 1 9 294 106 
0 1 8 217 129 
0 1 15 414 164 
1 0 10 298 132 
1 0 14 229 110 
0 1 14 423 144 
0 1 9 350 164 
0 1 15 419 147 
0 1 10 285 143 
0 1 9 387 161 
0 1 18 395 158 
0 1 14 402 162 
0 1 12 300 119 
0 1 15 399 144 
0 1 8 386 170 
0 1 12 443 183 
1 0 12 262 140 
0 1 12 382 187 
0 1 10 161 92 
0 1 20 335 153 
0 1 20 373 145 
0 1 11 435 173 
0 1 13 390 163 
0 1 14 317 138 
0 1 5 317 159 
0 1 17 437 129 
0 1 11 293 110 
0 1 6 262 152 
0 1 7 502 220 
1 0 11 238 139 
0 1 11 310 157 
0 1 15 284 110 
0 1 16 412 143 
0 1 9 396 172 
0 1 9 248 122 
1 0 11 375 140 
0 1 11 358 166 
0 1 8 352 151 
0 1 8 217 118 
1 0 13 440 214 
0 1 7 231 143 
0 1 15 417 174 
1 0 9 246 108 
0 1 12 349 131 
0 1 14 478 233 
0 1 10 372 173 
1 0 9 334 151 
0 1 10 336 146 
0 1 5 332 131 
0 1 14 478 165 
0 1 15 335 114 
0 1 14 576 241 
0 1 14 456 157 
0 1 10 295 148 
0 1 14 317 146 
1 0 8 248 146 
0 1 10 432 184 
0 1 9 217 121 
0 1 14 351 187 
0 1 16 418 174 
0 1 22 456 180 
0 1 9 348 176 
0 1 16 313 113 
0 1 13 391 133 
0 1 7 233 101 
0 1 9 315 134 
0 1 18 384 154 
0 1 12 318 154 
0 1 8 340 122 
0 1 9 227 112 
1 0 12 356 144 
1 0 10 313 163 
1 0 6 355 135 
0 1 11 383 176 
0 1 11 348 178 
0 1 16 336 123 
0 1 10 390 175 
0 1 6 346 135 
1 0 9 347 170 
0 1 14 339 133 
0 1 16 333 114 
0 1 11 234 115 
0 1 6 377 166 
1 0 8 269 121 
0 1 8 408 204 
1 0 8 342 136 
0 1 17 519 257 
0 1 15 430 166 
0 1 8 291 153 
0 1 14 329 146 
0 1 13 345 144 
0 1 11 340 139 
0 1 11 307 139 
0 1 13 350 154 
0 1 20 424 156 
0 1 10 373 172 
0 1 11 341 160 
1 0 17 401 178 
0 1 6 324 162 
0 1 12 383 211 
0 1 14 417 162 
0 1 16 406 171 
1 0 6 248 136 
0 1 13 343 150 
1 0 15 450 144 
0 1 9 229 113 
0 1 1 364 173 
1 0 8 325 133 
0 1 12 318 162 
1 0 11 374 145 
0 1 10 401 167 
0 1 9 285 144 
0 1 15 466 197 
0 1 11 317 151 
0 1 12 357 162 
1 0 9 164 109 
1 0 5 271 91 
0 1 8 405 180 
0 1 13 376 175 
0 1 11 405 156 
0 1 12 370 149 
0 1 18 429 169 
1 0 6 250 127 
0 1 13 390 167 
1 0 7 275 123 
0 1 10 418 216 
0 1 12 405 192 
0 1 8 385 195 
0 1 11 351 143 
0 1 8 352 152 
0 1 12 276 107 
0 1 21 395 143 
0 1 7 203 105 
0 1 13 346 142 
0 1 8 311 131 
0 1 15 322 135 
1 0 8 344 159 
0 1 11 319 165 
0 1 9 237 104 
0 1 7 233 127 
0 1 13 278 126 
0 1 13 434 179 
0 1 12 340 168 
0 1 11 355 170 
0 1 9 286 147 
0 1 13 348 153 
1 0 4 375 196 
0 1 9 192 84 
0 1 11 271 135 
0 1 12 410 159 
0 1 8 325 146 
0 1 8 312 127 
0 1 10 391 206 
0 1 10 253 104 
0 1 6 301 148 
0 1 17 386 139 
1 0 16 451 168 
0 1 10 241 132 
0 1 12 339 168 
0 1 8 307 130 
0 1 10 401 149 
0 1 14 365 153 
0 1 11 345 145 
0 1 9 371 165 
1 0 16 316 121 
0 1 17 490 202 
1 0 19 383 178 
0 1 5 250 119 
0 1 10 273 112 
0 1 5 214 129 
0 1 11 396 167 
1 0 11 452 218 
0 1 20 393 133 
0 1 13 497 251 
0 1 16 475 181 
0 1 11 371 152 
0 1 9 462 221 
0 1 10 296 135 
1 0 8 339 146 
0 1 8 379 170 
0 1 12 476 178 
0 1 13 344 160 
0 1 10 298 131 
0 1 10 403 162 
0 1 5 264 140 
1 0 6 305 133 
1 0 6 338 129 
0 1 7 356 176 
0 1 18 316 112 
1 0 3 319 147 
0 1 8 312 179 
1 0 8 243 151 
0 1 12 356 162 
0 1 13 395 140 
0 1 18 383 157 
0 1 12 330 138 
1 0 10 331 161 
1 0 6 220 91 
1 0 8 268 145 
0 1 12 267 124 
0 1 5 411 183 
1 0 16 315 143 
0 1 8 320 154 
0 1 8 348 137 
0 1 6 315 133 
0 1 12 350 166 
0 1 9 302 122 
0 1 5 292 132 
0 1 10 342 152 
0 1 15 383 129 
0 1 12 414 188 
0 1 10 391 119 
0 1 5 275 142 
0 1 12 446 198 
0 1 11 298 145 
0 1 13 299 119 
0 1 10 314 122 
1 0 5 343 151 
0 1 18 306 131 
0 1 10 300 114 
0 1 13 412 144 
1 0 11 303 167 
0 1 11 299 139 
0 1 12 331 145 
0 1 17 450 175 
0 1 14 450 197 
0 1 12 455 202 
0 1 9 394 205 
0 1 6 237 98 
0 1 6 285 128 
0 1 9 356 179 
0 1 15 343 128 
0 1 11 274 135 
0 1 8 276 125 
0 1 18 328 110 
0 1 9 216 112 
0 1 11 320 110 
0 1 9 385 173 
0 1 14 348 165 
0 1 17 336 132 
0 1 13 288 128 
0 1 9 267 126 
0 1 11 378 162 
0 1 15 325 118 
1 0 7 391 158 
0 1 6 276 166 
1 0 18 333 133 
0 1 16 423 156 
1 0 13 397 164 
0 1 8 294 135 
1 0 5 194 104 
1 0 14 401 168 
0 1 11 348 120 
0 1 7 226 103 
0 1 14 378 160 
0 1 10 282 118 
0 1 6 300 174 
1 0 10 277 132 
1 0 10 231 109 
0 1 9 384 176 
0 1 15 366 152 
0 1 13 258 106 
1 0 13 418 183 
0 1 7 384 166 
0 1 15 382 175 
1 0 7 274 115 
0 1 10 238 105 
0 1 8 328 130 
0 1 10 266 142 
0 1 17 393 185 
0 1 11 399 178 
0 1 11 258 100 
0 1 7 334 146 
0 1 19 359 119 
0 1 14 496 215 
0 1 11 353 152 
1 0 12 399 173 
0 1 10 383 172 
0 1 3 287 178 
0 1 17 366 144 
0 1 9 274 146 
0 1 17 350 152 
0 1 7 195 105 
0 1 9 258 117 
0 1 13 361 156 
1 0 8 337 164 
0 1 10 353 180 
1 0 9 345 110 
0 1 12 336 147 
0 1 9 387 186 
1 0 14 346 163 
0 1 17 521 236 
0 1 10 288 129 
0 1 7 308 155 
0 1 14 365 149 
0 1 10 293 140 
0 1 10 358 149 
1 0 7 332 145 
0 1 10 426 193 
0 1 8 437 201 
1 0 13 424 174 
0 1 7 288 111 
0 1 14 364 165 
0 1 11 284 127 
0 1 7 312 145 
0 1 12 477 236 
0 1 6 388 214 
0 1 8 349 171 
0 1 11 318 132 
0 1 11 363 176 
0 1 14 309 127 
0 1 12 359 114 
0 1 8 306 148 
0 1 13 306 130 
0 1 9 301 135 
0 1 11 340 150 
0 1 9 443 198 
0 1 5 275 149 
0 1 7 423 199 
0 1 17 347 123 
0 1 18 547 202 
0 1 17 386 158 
0 1 15 429 192 
0 1 14 350 127 
0 1 12 347 165 
0 1 12 327 121 
1 0 17 331 129 
1 0 8 370 198 
1 0 19 410 169 
0 1 12 398 131 
0 1 6 256 171 
0 1 12 289 137 
0 1 10 299 108 
0 1 8 288 140 
1 0 13 293 115 
0 1 11 448 199 
0 1 13 365 184 
0 1 18 383 130 
0 1 7 269 131 
0 1 8 264 129 
0 1 12 365 156 
0 1 13 375 190 
0 1 14 301 117 
1 0 9 345 132 
0 1 13 324 129 
1 0 10 348 174 
0 1 17 316 127 
0 1 12 314 162 
0 1 11 295 154 
0 1 6 270 105 
0 1 15 325 184 
0 1 14 360 172 
1 0 18 325 123 
0 1 6 318 160 
1 0 8 277 109 
0 1 17 384 186 
0 1 11 420 159 
0 1 10 365 137 
0 1 6 365 167 
1 0 6 287 118 
0 1 10 366 186 
0 1 18 426 133 
0 1 12 331 164 
0 1 11 412 160 
1 0 14 383 137 
0 1 16 337 140 
0 1 16 358 122 
0 1 11 323 136 
1 0 16 382 139 
0 1 10 296 141 
0 1 6 269 132 
0 1 15 379 171 
0 1 9 331 150 
0 1 10 223 83 
0 1 15 366 143 
0 1 9 253 124 
1 0 5 354 143 
0 1 11 262 104 
0 1 19 263 112 
1 0 6 315 165 
0 1 12 285 129 
0 1 10 256 135 
0 1 12 347 155 
0 1 12 380 163 
0 1 10 235 120 
0 1 16 379 152 
1 0 13 354 144 
0 1 12 362 171 
0 1 8 278 128 
0 1 17 273 121 
0 1 6 241 118 
0 1 9 302 111 
0 1 9 423 162 
1 0 5 314 156 
0 1 14 268 117 
0 1 6 355 208 
0 1 8 343 159 
0 1 12 347 174 
0 1 19 395 159 
0 1 14 372 135 
0 1 12 306 137 
1 0 13 445 174 
0 1 13 311 119 
0 1 7 268 111 
0 1 12 315 144 
0 1 9 322 152 
0 1 10 426 196 
0 1 4 333 175 
0 1 7 324 142 
0 1 11 317 129 
0 1 11 277 140 
0 1 12 392 190 
0 1 9 344 153 
1 0 10 294 93 
0 1 16 409 167 
0 1 13 296 142 
0 1 7 377 174 
0 1 15 345 147 
0 1 7 303 148 
0 1 9 502 214 
0 1 9 278 126 
0 1 7 327 150 
0 1 3 258 147 
0 1 6 243 101 
0 1 10 247 95 
0 1 10 413 175 
0 1 12 276 111 
0 1 12 376 145 
0 1 8 278 126 
0 1 11 331 159 
0 1 8 216 106 
0 1 15 350 176 
0 1 15 281 109 
0 1 11 393 184 
0 1 12 346 146 
0 1 12 345 142 
1 0 6 242 134 
1 0 12 385 168 
0 1 8 325 161 
1 0 8 368 131 
0 1 8 307 148 
0 1 12 354 153 
0 1 11 177 106 
0 1 11 324 128 
0 1 9 428 206 
0 1 10 337 120 
0 1 11 406 169 
0 1 5 342 152 
0 1 11 291 164 
0 1 13 329 114 
0 1 12 295 128 
0 1 11 428 165 
0 1 7 214 124 
0 1 12 223 116 
0 1 17 306 119 
0 1 11 380 147 
1 0 13 309 124 
0 1 10 424 202 
0 1 10 238 131 
1 0 9 404 180 
0 1 19 368 159 
0 1 14 387 171 
0 1 7 340 159 
0 1 11 297 147 
0 1 24 531 164 
1 0 12 416 172 
0 1 9 326 146 
0 1 18 426 152 
1 0 19 427 196 
0 1 9 310 123 
0 1 17 360 141 
0 1 16 334 131 
0 1 13 479 194 
1 0 3 425 203 
0 1 10 310 105 
0 1 18 326 124 
0 1 13 430 181 
0 1 18 377 211 
0 1 14 267 140 
1 0 8 331 156 
0 1 12 331 178 
0 1 14 274 114 
0 1 5 170 87 
0 1 10 356 162 
0 1 10 347 114 
0 1 14 332 134 
0 1 8 227 115 
0 1 10 212 90 
0 1 8 295 170 
1 0 10 367 124 
0 1 6 281 149 
1 0 5 359 179 
0 1 10 400 157 
0 1 11 458 204 
0 1 18 453 179 
1 0 16 455 178 
0 1 8 442 173 
0 1 7 254 118 
0 1 5 275 104 
1 0 14 362 156 
0 1 12 423 157 
0 1 12 302 88 
0 1 9 288 169 
0 1 13 430 165 
0 1 15 390 133 
0 1 20 525 215 
0 1 10 338 155 
1 0 13 300 134 
0 1 11 354 137 
0 1 6 241 130 
0 1 6 275 155 
0 1 9 282 136 
1 0 9 372 156 
0 1 15 503 229 
0 1 13 265 120 
0 1 11 386 165 
0 1 18 399 150 
0 1 18 343 150 
0 1 7 384 157 
0 1 10 273 133 
1 0 8 373 149 
0 1 12 328 162 
0 1 2 289 143 
0 1 17 452 168 
1 0 11 345 120 
1 0 15 413 165 
0 1 10 318 140 
0 1 9 277 132 
1 0 4 250 131 
0 1 12 355 154 
0 1 8 305 117 
0 1 8 296 121 
0 1 11 325 124 
1 0 15 360 146 
0 1 12 487 193 
0 1 13 277 118 
0 1 8 379 162 
0 1 8 327 134 
1 0 8 294 140 
0 1 7 342 179 
0 1 5 272 141 
0 1 13 461 188 
0 1 10 217 109 
0 1 14 306 150 
0 1 11 346 157 
0 1 13 482 204 
0 1 10 343 155 
0 1 11 218 85 
0 1 9 289 145 
1 0 13 321 163 
1 0 5 354 157 
0 1 9 320 169 
1 0 11 347 177 
1 0 14 314 143 
1 0 8 329 169 
0 1 11 378 195 
0 1 18 364 171 
0 1 11 352 146 
0 1 10 337 144 
0 1 15 214 68 
1 0 16 440 134 
0 1 5 298 149 
0 1 15 305 139 
0 1 5 385 184 
1 0 10 239 104 
1 0 12 412 171 
0 1 15 440 179 
0 1 8 370 144 
0 1 9 321 101 
0 1 13 497 222 
0 1 11 331 160 
0 1 17 345 142 
1 0 17 463 153 
0 1 8 227 110 
0 1 12 314 118 
1 0 12 295 114 
0 1 8 258 137 
0 1 11 351 154 
0 1 7 393 164 
1 0 4 318 141 
0 1 12 203 118 
0 1 12 241 95 
0 1 17 380 122 
1 0 7 204 108 
0 1 12 296 130 
0 1 10 393 185 
0 1 15 394 181 
1 0 12 396 157 
1 0 10 414 172 
1 0 8 346 165 
0 1 13 349 143 
0 1 8 280 119 
0 1 11 263 97 
0 1 14 360 160 
0 1 12 558 261 
0 1 9 266 131 
0 1 7 368 181 
0 1 8 240 113 
0 1 8 357 177 
0 1 18 466 167 
1 0 18 505 186 
0 1 10 294 136 
0 1 13 406 204 
0 1 12 446 152 
0 1 14 291 117 
0 1 8 302 127 
0 1 20 385 150 
0 1 11 416 195 
0 1 11 462 212 
0 1 14 401 156 
0 1 9 304 107 
0 1 12 347 154 
1 0 8 266 96 
0 1 11 408 182 
1 0 7 284 117 
0 1 11 292 130 
1 0 9 364 162 
0 1 11 408 162 
0 1 8 266 128 
0 1 13 327 197 
0 1 12 426 163 
0 1 8 326 143 
0 1 11 356 172 
1 0 14 381 184 
0 1 9 342 155 
1 0 16 409 167 
0 1 10 302 151 
1 0 13 420 162 
0 1 13 375 129 
0 1 15 291 101 
1 0 9 379 159 
0 1 12 251 100 
1 0 8 352 172 
0 1 10 264 102 
0 1 8 276 133 
0 1 19 350 147 
0 1 9 311 170 
1 0 12 337 141 
1 0 4 289 113 
0 1 18 351 176 
0 1 22 453 232 
1 0 11 378 146 
0 1 8 388 160 
0 1 3 208 107 
0 1 19 455 175 
0 1 9 244 99 
0 1 14 418 157 
1 0 15 270 110 
0 1 10 299 177 
0 1 9 383 202 
0 1 9 353 127 
1 0 16 363 132 
1 0 13 284 107 
0 1 16 194 73 
0 1 12 375 149 
1 0 9 402 160 
0 1 13 240 108 
0 1 11 296 160 
0 1 7 401 163 
0 1 10 368 183 
0 1 10 258 95 
0 1 7 268 107 
0 1 9 283 133 
0 1 7 338 143 
0 1 12 361 162 
0 1 13 368 176 
0 1 13 221 92 
0 1 10 439 206 
0 1 14 436 182 
0 1 17 449 174 
1 0 15 361 146 
0 1 13 443 223 
1 0 4 321 162 
0 1 10 340 140 
0 1 13 297 94 
0 1 9 261 128 
0 1 7 417 146 
0 1 9 358 152 
0 1 12 284 150 
0 1 9 326 129 
1 0 7 315 139 
0 1 6 211 108 
0 1 9 350 179 
0 1 10 283 111 
0 1 7 252 109 
0 1 9 285 133 
0 1 12 337 156 
0 1 15 298 117 
0 1 11 402 163 
0 1 10 344 125 
0 1 8 249 121 
1 0 10 414 161 
0 1 13 500 184 
0 1 9 273 115 
0 1 9 305 137 
0 1 7 376 173 
0 1 12 299 115 
0 1 8 287 104 
0 1 5 352 186 
0 1 9 294 107 
0 1 13 333 136 
0 1 7 391 200 
0 1 13 396 163 
0 1 15 410 129 
1 0 4 325 180 
0 1 24 494 184 
1 0 8 286 140 
1 0 14 366 174 
0 1 18 336 132 
0 1 5 316 123 
0 1 6 288 141 
0 1 15 301 121 
0 1 18 418 141 
0 1 12 382 151 
0 1 9 350 184 
0 1 9 186 105 
0 1 18 400 156 
0 1 10 384 188 
0 1 12 372 142 
0 1 6 291 136 
1 0 9 292 148 
0 1 8 317 145 
0 1 17 423 164 
0 1 11 435 187 
0 1 9 298 156 
0 1 13 350 150 
0 1 10 437 179 
0 1 18 351 132 
0 1 8 223 100 
0 1 9 316 144 
0 1 11 319 145 
0 1 13 464 172 
0 1 13 344 138 
0 1 9 309 130 
0 1 10 318 167 
1 0 9 251 123 
0 1 15 463 185 
0 1 10 316 156 
0 1 7 349 151 
0 1 10 340 142 
0 1 11 398 173 
0 1 10 322 157 
1 0 12 340 167 
0 1 8 305 156 
0 1 16 345 142 
0 1 15 308 129 
0 1 14 384 131 
0 1 12 496 216 
0 1 6 355 195 
0 1 6 230 130 
0 1 14 345 119 
0 1 10 216 116 
1 0 8 299 146 
0 1 11 385 170 
0 1 10 322 134 
0 1 8 291 113 
1 0 10 284 128 
0 1 13 296 144 
0 1 11 318 131 
0 1 3 312 175 
0 1 18 518 219 
0 1 9 359 170 
0 1 10 381 137 
0 1 17 333 136 
0 1 10 307 158 
0 1 8 320 155 
0 1 10 220 119 
0 1 17 432 172 
0 1 18 376 168 
0 1 5 352 161 
1 0 11 317 147 
0 1 13 359 146 
1 0 19 446 180 
0 1 14 429 155 
0 1 9 376 179 
0 1 7 394 165 
0 1 11 442 208 
0 1 11 317 154 
0 1 8 202 102 
0 1 11 309 132 
1 0 7 454 190 
0 1 10 312 142 
0 1 13 291 116 
1 0 9 292 124 
0 1 8 426 221 
0 1 10 387 146 
0 1 7 249 112 
0 1 13 389 160 
1 0 15 358 144 
0 1 4 199 111 
1 0 9 248 137 
0 1 10 305 166 
0 1 11 379 148 
0 1 10 358 162 
0 1 13 239 108 
0 1 9 393 179 
0 1 11 354 166 
0 1 9 420 189 
0 1 8 264 139 
0 1 6 285 131 
0 1 7 248 127 
1 0 9 340 136 
0 1 12 242 105 
0 1 2 182 113 
0 1 10 292 130 
0 1 12 254 135 
0 1 12 288 151 
0 1 9 308 134 
0 1 8 458 176 
0 1 10 342 158 
0 1 14 344 140 
0 1 12 384 143 
0 1 9 330 138 
0 1 11 299 131 
0 1 8 195 84 
0 1 10 360 160 
0 1 10 325 136 
1 0 4 206 88 
0 1 11 293 123 
0 1 9 331 153 
0 1 8 334 170 
0 1 10 192 112 
1 0 6 309 163 
0 1 14 294 114 
0 1 12 370 151 
1 0 11 439 215 
0 1 10 389 161 
0 1 9 250 123 
0 1 12 384 179 
1 0 6 358 160 
0 1 9 288 141 
0 1 10 368 174 
0 1 10 331 138 
0 1 12 442 184 
0 1 7 246 115 
1 0 15 367 141 
0 1 14 372 168 
0 1 4 213 96 
1 0 5 408 179 
0 1 8 379 167 
0 1 12 412 170 
0 1 13 368 141 
0 1 9 343 167 
0 1 11 357 164 
0 1 11 367 166 
1 0 7 308 138 
0 1 16 319 121 
0 1 3 213 138 
0 1 10 358 147 
0 1 8 343 149 
0 1 7 344 177 
0 1 7 321 141 
0 1 11 265 120 
0 1 8 290 147 
1 0 14 366 145 
0 1 13 284 111 
0 1 9 301 159 
0 1 10 305 184 
0 1 14 432 197 
0 1 12 291 125 
0 1 6 206 97 
0 1 16 474 162 
0 1 10 439 170 
0 1 13 398 191 
0 1 14 336 141 
0 1 12 292 125 
0 1 9 253 109 
0 1 15 300 132 
0 1 9 257 132 
1 0 14 405 148 
0 1 14 476 198 
0 1 9 268 139 
0 1 13 334 132 
0 1 13 266 128 
0 1 12 273 132 
0 1 10 369 144 
0 1 20 450 163 
1 0 12 345 159 
0 1 11 284 103 
0 1 8 381 185 
0 1 8 317 160 
0 1 9 329 138 
1 0 14 434 151 
1 0 13 372 175 
0 1 11 407 158 
0 1 15 454 184 
0 1 13 330 142 
1 0 12 461 168 
0 1 6 335 166 
0 1 16 357 154 
0 1 9 397 184 
0 1 12 500 193 
0 1 14 417 160 
0 1 12 385 164 
0 1 2 253 147 
0 1 13 407 162 
0 1 11 370 157 
1 0 12 257 114 
0 1 7 367 188 
1 0 19 360 146 
0 1 9 375 171 
1 0 11 321 153 
0 1 9 367 148 
0 1 10 270 122 
0 1 10 330 154 
0 1 9 220 115 
0 1 9 286 129 
0 1 15 472 197 
0 1 9 284 137 
0 1 17 386 190 
1 0 6 327 143 
0 1 10 310 149 
0 1 11 372 180 
0 1 13 569 205 
0 1 10 283 130 
0 1 15 310 166 
0 1 12 350 149 
0 1 15 306 103 
0 1 10 353 173 
0 1 13 370 164 
0 1 10 263 131 
1 0 13 389 159 
0 1 9 378 180 
1 0 11 323 144 
0 1 10 395 155 
0 1 8 349 140 
0 1 12 331 123 
0 1 13 215 114 
0 1 12 383 145 
0 1 11 313 147 
0 1 7 321 134 
0 1 14 264 115 
0 1 4 330 170 
1 0 14 430 190 
0 1 14 463 202 
1 0 10 204 87 
0 1 7 363 185 
0 1 8 367 172 
0 1 16 288 110 
0 1 9 286 116 
1 0 6 301 132 
0 1 7 308 150 
0 1 14 245 89 
1 0 9 453 208 
0 1 7 368 154 
0 1 12 380 143 
0 1 12 366 148 
0 1 15 402 177 
0 1 10 401 195 
0 1 13 351 140 
0 1 20 537 219 
0 1 7 245 142 
1 0 12 434 173 
0 1 7 339 140 
0 1 10 367 192 
0 1 9 405 188 
0 1 10 290 121 
0 1 9 367 160 
0 1 17 386 151 
0 1 12 353 197 
1 0 13 362 167 
0 1 13 234 94 
0 1 7 386 165 
0 1 4 341 182 
0 1 13 387 147 
0 1 10 352 161 
0 1 13 336 182 
0 1 12 369 147 
0 1 19 341 137 
0 1 8 273 108 
0 1 11 287 121 
0 1 9 309 166 
0 1 15 413 169 
0 1 10 348 150 
0 1 7 250 88 
0 1 10 298 164 
1 0 11 330 150 
1 0 10 489 222 
0 1 6 374 160 
0 1 11 292 135 
1 0 6 229 117 
0 1 15 395 149 
0 1 13 353 125 
0 1 9 243 115 
0 1 6 331 166 
1 0 13 474 193 
0 1 13 366 155 
0 1 13 351 146 
0 1 12 297 127 
0 1 13 347 184 
0 1 12 323 152 
0 1 12 406 144 
0 1 13 331 130 
0 1 13 365 166 
1 0 7 329 158 
0 1 10 385 160 
0 1 10 321 160 
1 0 10 250 109 
0 1 13 392 172 
0 1 7 347 143 
1 0 8 232 90 
0 1 5 316 166 
0 1 8 297 123 
0 1 8 390 223 
0 1 12 307 150 
0 1 12 409 198 
0 1 15 259 95 
0 1 7 345 157 
0 1 15 470 188 
0 1 9 328 123 
0 1 10 325 182 
0 1 12 272 119 
0 1 12 362 137 
0 1 13 323 156 
0 1 10 342 174 
0 1 12 386 199 
0 1 9 452 181 
0 1 10 422 152 
0 1 11 371 138 
0 1 17 401 173 
0 1 8 367 153 
0 1 11 348 152 
1 0 15 309 149 
0 1 9 287 127 
0 1 11 341 169 
0 1 23 393 152 
0 1 7 402 175 
0 1 11 308 163 
0 1 6 352 159 
0 1 13 399 187 
0 1 14 335 130 
0 1 6 215 109 
0 1 6 231 137 
0 1 13 236 97 
0 1 12 201 87 
0 1 10 232 128 
0 1 11 310 169 
0 1 9 288 140 
0 1 6 353 162 
0 1 13 338 133 
0 1 12 228 105 
1 0 11 231 90 
1 0 5 303 166 
0 1 15 399 174 
1 0 15 430 141 
0 1 9 408 167 
0 1 9 398 163 
0 1 14 377 192 
0 1 13 329 124 
0 1 15 401 141 
0 1 11 272 140 
0 1 4 372 191 
0 1 11 339 136 
0 1 6 232 130 
0 1 7 277 120 
0 1 11 378 164 
0 1 8 299 153 
1 0 15 459 196 
0 1 13 347 162 
0 1 12 310 93 
0 1 9 262 108 
0 1 14 271 137 
0 1 9 383 147 
0 1 5 209 113 
0 1 10 353 173 
1 0 13 381 158 
0 1 11 306 129 
0 1 12 340 149 
0 1 17 371 154 
0 1 15 408 161 
1 0 7 300 132 
0 1 12 252 95 
1 0 8 263 128 
0 1 14 385 147 
0 1 8 365 154 
0 1 10 292 153 
0 1 13 397 172 
0 1 5 226 102 
0 1 15 416 200 
0 1 15 466 172 
0 1 15 271 128 
1 0 17 372 118 
0 1 12 344 132 
1 0 11 275 120 
0 1 11 325 145 
0 1 7 275 136 
0 1 12 216 107 
0 1 11 437 172 
0 1 6 352 162 
0 1 11 320 118 
0 1 10 350 161 
0 1 5 220 101 
0 1 15 345 162 
0 1 7 370 205 
0 1 14 345 136 
1 0 12 406 168 
0 1 22 484 176 
0 1 14 341 167 
1 0 14 408 151 
0 1 14 337 140 
0 1 10 168 92 
0 1 8 333 163 
0 1 16 361 153 
0 1 15 294 129 
0 1 10 318 141 
0 1 8 235 128 
0 1 15 389 147 
0 1 11 325 147 
1 0 12 234 110 
1 0 13 264 135 
0 1 8 329 163 
0 1 8 265 161 
0 1 12 208 91 
0 1 6 308 138 
0 1 4 223 91 
0 1 15 402 155 
0 1 7 330 133 
1 0 11 431 184 
0 1 5 240 93 
0 1 14 416 158 
0 1 15 285 109 
0 1 9 326 143 
0 1 9 297 152 
0 1 7 292 165 
0 1 15 323 109 
0 1 18 394 140 
0 1 10 361 177 
0 1 10 329 120 
0 1 10 241 127 
1 0 11 453 204 
1 0 7 331 151 
0 1 13 302 149 
0 1 12 350 174 
0 1 15 471 201 
0 1 8 317 157 
1 0 13 397 202 
0 1 15 321 155 
0 1 10 278 136 
0 1 13 401 199 
0 1 6 259 144 
0 1 4 217 125 
0 1 7 313 150 
0 1 5 238 143 
0 1 10 189 91 
0 1 16 353 130 
0 1 15 421 201 
0 1 16 359 188 
0 1 7 343 189 
0 1 5 296 176 
1 0 10 415 180 
0 1 16 449 177 
0 1 11 451 186 
0 1 11 294 98 
1 0 5 359 154 
0 1 13 282 132 
0 1 11 322 136 
1 0 12 353 167 
0 1 8 314 168 
0 1 8 291 149 
0 1 12 320 119 
1 0 9 388 160 
0 1 12 455 187 
0 1 5 332 157 
1 0 15 341 174 
0 1 9 547 220 
0 1 15 340 145 
0 1 7 338 149 
0 1 16 349 128 
0 1 10 487 208 
0 1 13 315 119 
1 0 7 310 151 
0 1 15 395 165 
0 1 14 336 161 
0 1 17 371 142 
0 1 11 281 117 
0 1 13 468 187 
0 1 7 288 154 
1 0 12 285 123 
0 1 11 364 181 
0 1 8 261 139 
0 1 16 404 149 
0 1 17 452 168 
0 1 8 291 165 
1 0 14 425 175 
0 1 8 249 120 
0 1 5 381 177 
0 1 10 410 161 
0 1 17 356 133 
0 1 10 382 167 
0 1 7 306 137 
0 1 16 488 188 
1 0 7 271 111 
0 1 11 383 168 
0 1 17 401 148 
0 1 6 401 165 
0 1 12 286 129 
0 1 4 296 159 
0 1 6 276 131 
0 1 12 335 167 
1 0 11 264 130 
0 1 11 301 134 
1 0 14 342 140 
0 1 12 467 183 
0 1 10 223 86 
0 1 11 299 125 
0 1 9 368 164 
0 1 13 378 167 
1 0 9 428 194 
0 1 11 358 163 
0 1 6 396 182 
0 1 5 277 128 
1 0 14 353 137 
0 1 13 445 187 
0 1 10 257 129 
0 1 9 310 144 
0 1 9 160 80 
0 1 9 374 134 
0 1 15 408 152 
1 0 15 331 143 
0 1 6 228 120 
0 1 9 399 212 
0 1 11 431 201 
0 1 10 249 104 
0 1 14 362 146 
0 1 7 343 147 
0 1 9 276 144 
0 1 14 211 68 
1 0 11 311 122 
1 0 12 335 160 
0 1 18 503 190 
0 1 7 411 203 
0 1 9 205 104 
0 1 15 491 175 
0 1 13 350 152 
0 1 10 301 138 
0 1 8 392 175 
0 1 13 290 149 
0 1 12 317 122 
0 1 13 358 151 
0 1 11 297 138 
1 0 24 525 223 
1 0 11 439 176 
0 1 8 368 193 
1 0 6 303 137 
0 1 8 364 170 
0 1 4 229 146 
0 1 16 272 140 
0 1 11 240 118 
0 1 18 442 175 
0 1 14 428 170 
0 1 6 304 144 
0 1 18 348 177 
0 1 19 351 156 
0 1 5 190 95 
0 1 16 335 150 
0 1 11 381 162 
0 1 8 286 139 
0 1 13 323 150 
0 1 14 350 142 
0 1 13 413 176 
0 1 8 457 220 
0 1 11 254 130 
0 1 14 387 141 
0 1 14 383 153 
0 1 9 241 118 
1 0 6 402 187 
0 1 14 413 165 
0 1 10 360 166 
0 1 8 244 125 
0 1 8 307 139 
0 1 10 505 194 
0 1 17 364 157 
0 1 10 290 136 
0 1 11 307 147 
0 1 7 347 170 
0 1 12 324 158 
0 1 10 267 134 
0 1 8 250 115 
0 1 10 307 143 
0 1 3 302 175 
0 1 10 306 156 
0 1 8 307 135 
1 0 11 437 227 
0 1 12 431 175 
0 1 19 369 157 
0 1 17 393 185 
0 1 8 263 109 
0 1 11 392 192 
0 1 12 283 119 
0 1 8 306 127 
0 1 10 367 197 
0 1 8 281 141 
0 1 10 308 153 
1 0 4 235 125 
0 1 9 419 184 
0 1 7 277 89 
1 0 9 394 202 
0 1 5 289 137 
1 0 3 247 135 
0 1 7 314 136 
0 1 8 301 121 
0 1 9 201 89 
1 0 12 349 154 
0 1 8 357 185 
0 1 4 208 126 
0 1 9 327 147 
1 0 11 387 182 
1 0 7 397 153 
0 1 15 308 164 
0 1 13 312 154 
1 0 9 345 164 
0 1 11 336 201 
0 1 9 294 149 
0 1 10 357 176 
0 1 10 221 133 
0 1 12 356 141 
0 1 11 337 163 
1 0 10 333 123 
1 0 11 405 151 
0 1 9 259 117 
0 1 11 324 136 
1 0 11 386 161 
0 1 16 402 158 
0 1 10 242 99 
0 1 6 341 145 
0 1 13 306 138 
0 1 11 437 177 
0 1 6 185 117 
0 1 9 338 152 
0 1 8 342 173 
0 1 8 335 160 
0 1 11 354 157 
0 1 8 351 169 
1 0 13 300 129 
1 0 12 384 181 
0 1 11 226 103 
0 1 14 423 180 
0 1 10 315 136 
0 1 10 336 142 
0 1 14 362 153 
0 1 15 316 163 
0 1 14 343 147 
0 1 14 278 107 
0 1 12 244 148 
0 1 10 178 78 
0 1 7 237 106 
0 1 14 514 235 
0 1 13 308 142 
0 1 9 437 187 
0 1 15 426 178 
0 1 10 400 155 
0 1 15 414 148 
0 1 8 373 146 
0 1 15 358 158 
0 1 8 309 159 
0 1 12 301 137 
0 1 14 380 180 
0 1 7 406 157 
0 1 12 287 152 
0 1 8 392 191 
0 1 16 494 194 
0 1 4 297 143 
1 0 17 429 174 
0 1 7 248 107 
0 1 15 259 114 
0 1 13 357 177 
1 0 8 285 148 
0 1 7 290 145 
0 1 9 325 149 
0 1 11 339 131 
0 1 9 289 139 
1 0 10 268 143 
0 1 11 251 162 
0 1 13 282 114 
0 1 5 198 105 
0 1 12 398 168 
0 1 11 350 140 
0 1 9 391 148 
1 0 7 264 134 
0 1 14 263 125 
0 1 14 294 181 
0 1 6 341 172 
0 1 14 332 154 
0 1 20 378 179 
0 1 8 309 150 
0 1 14 397 162 
0 1 9 256 114 
0 1 13 425 163 
0 1 13 402 182 
0 1 10 292 134 
0 1 16 363 156 
0 1 4 328 142 
0 1 16 263 96 
0 1 7 222 136 
0 1 18 455 121 
0 1 14 424 136 
0 1 11 450 188 
0 1 11 361 151 
0 1 14 316 142 
0 1 22 493 168 
1 0 11 473 207 
1 0 14 414 167 
0 1 12 342 134 
1 0 15 422 174 
0 1 11 326 141 
0 1 16 381 164 
0 1 7 384 169 
0 1 19 410 178 
0 1 6 393 194 
0 1 9 355 169 
0 1 9 269 110 
0 1 10 280 98 
1 0 12 312 116 
0 1 14 360 173 
1 0 10 359 157 
0 1 11 458 211 
1 0 6 263 135 
0 1 10 264 144 
0 1 6 202 93 
0 1 13 313 167 
0 1 8 365 164 
0 1 7 227 83 
0 1 9 400 136 
0 1 10 298 125 
1 0 17 344 131 
0 1 11 314 143 
0 1 8 307 140 
0 1 8 334 145 
0 1 12 553 246 
0 1 14 425 174 
1 0 11 466 193 
0 1 11 276 115 
0 1 8 301 137 
0 1 13 321 143 
0 1 9 208 81 
0 1 14 477 206 
0 1 15 348 175 
0 1 11 366 130 
0 1 11 378 170 
0 1 9 247 140 
0 1 15 381 173 
0 1 7 303 138 
1 0 6 270 145 
0 1 12 278 113 
0 1 12 348 159 
1 0 6 306 164 
0 1 2 348 181 
0 1 22 439 158 
0 1 8 311 172 
0 1 13 437 172 
1 0 7 323 153 
0 1 11 316 174 
0 1 6 247 133 
0 1 7 415 183 
0 1 13 300 146 
0 1 15 486 237 
0 1 8 249 147 
0 1 11 314 142 
0 1 10 417 186 
0 1 7 373 166 
0 1 11 314 139 
0 1 9 297 106 
0 1 7 321 161 
0 1 15 346 140 
0 1 8 209 110 
0 1 10 241 106 
0 1 12 302 139 
0 1 18 361 138 
1 0 8 269 169 
0 1 10 358 165 
1 0 16 297 130 
0 1 12 409 196 
1 0 7 245 126 
0 1 7 315 131 
1 0 14 327 155 
1 0 10 304 135 
0 1 6 258 107 
0 1 10 407 180 
1 0 10 245 118 
1 0 9 242 129 
0 1 12 386 156 
1 0 12 410 163 
0 1 19 463 161 
0 1 14 460 180 
0 1 19 412 168 
0 1 18 442 161 
0 1 15 372 157 
0 1 10 305 141 
0 1 13 335 136 
0 1 6 352 161 
0 1 9 317 168 
0 1 12 325 160 
1 0 12 391 172 
1 0 15 419 171 
0 1 13 359 139 
0 1 13 316 117 
1 0 7 318 139 
1 0 13 336 133 
1 0 12 361 130 
0 1 17 431 143 
0 1 15 369 159 
1 0 12 337 151 
1 0 12 290 129 
1 0 7 279 149 
1 0 11 462 214 
0 1 16 376 144 
0 1 7 195 87 
0 1 10 334 141 
0 1 10 362 187 
1 0 8 433 181 
0 1 9 324 115 
1 0 4 323 140 
0 1 9 287 141 
0 1 13 431 166 
0 1 13 298 141 
0 1 6 211 116 
1 0 14 351 148 
0 1 12 351 129 
0 1 13 297 149 
0 1 11 336 144 
0 1 9 290 139 
0 1 14 338 140 
0 1 10 282 165 
0 1 8 238 128 
0 1 11 392 135 
0 1 8 312 145 
0 1 9 255 120 
0 1 13 305 161 
1 0 7 241 112 
0 1 8 360 157 
1 0 8 416 199 
1 0 15 407 172 
0 1 6 292 130 
0 1 7 293 152 
0 1 15 442 159 
1 0 11 250 139 
0 1 15 494 186 
0 1 15 368 161 
0 1 9 341 179 
0 1 8 381 179 
1 0 7 335 151 
0 1 18 537 202 
0 1 10 345 147 
0 1 10 343 172 
1 0 10 313 129 
1 0 5 320 146 
1 0 6 308 155 
0 1 10 248 133 
0 1 13 336 122 
0 1 10 305 126 
0 1 9 339 177 
0 1 16 271 110 
0 1 7 380 204 
0 1 17 406 182 
0 1 8 297 139 
1 0 8 370 178 
0 1 10 318 111 
0 1 11 396 189 
1 0 6 369 156 
0 1 9 297 153 
0 1 16 353 139 
0 1 14 340 128 
0 1 9 329 156 
0 1 13 329 137 
0 1 11 426 197 
0 1 10 314 116 
0 1 11 314 142 
0 1 11 190 130 
0 1 9 271 152 
0 1 14 355 132 
0 1 22 406 159 
1 0 16 398 148 
0 1 19 430 146 
0 1 19 403 162 
0 1 15 459 172 
0 1 11 328 158 
1 0 18 401 177 
0 1 17 489 153 
0 1 11 317 165 
0 1 14 290 126 
1 0 6 401 156 
0 1 7 252 132 
0 1 9 344 142 
0 1 12 349 167 
0 1 10 333 139 
0 1 14 486 208 
0 1 8 390 183 
0 1 9 299 146 
0 1 6 303 140 
0 1 9 189 98 
0 1 13 417 196 
0 1 7 323 122 
0 1 16 397 174 
1 0 8 392 185 
0 1 8 293 140 
0 1 10 234 104 
0 1 10 363 178 
0 1 10 333 129 
0 1 24 381 149 
0 1 6 411 180 
0 1 12 311 125 
0 1 4 317 146 
0 1 12 330 150 
0 1 10 364 152 
0 1 10 351 179 
0 1 7 238 108 
1 0 10 264 128 
0 1 6 247 118 
0 1 18 353 144 
0 1 11 432 179 
0 1 21 509 164 
0 1 8 349 150 
0 1 7 395 188 
0 1 8 328 155 
1 0 18 409 180 
0 1 12 378 159 
1 0 12 314 150 
0 1 9 306 131 
0 1 14 301 131 
0 1 13 400 158 
0 1 13 371 160 
0 1 14 294 159 
0 1 9 335 158 
1 0 8 269 101 
0 1 13 277 123 
0 1 15 424 126 
1 0 14 389 173 
0 1 14 240 108 
0 1 12 327 135 
0 1 14 365 153 
0 1 11 342 140 
0 1 18 369 165 
0 1 16 380 159 
0 1 3 286 138 
0 1 13 338 136 
0 1 11 438 192 
0 1 9 265 157 
1 0 12 352 147 
0 1 7 316 143 
0 1 10 326 143 
1 0 17 348 128 
0 1 17 461 179 
0 1 15 326 146 
0 1 19 278 110 
0 1 10 265 92 
1 0 6 247 134 
0 1 14 357 147 
0 1 15 284 98 
0 1 8 314 136 
0 1 17 351 126 
0 1 11 411 145 
